0.203943652939	0.558382863793	0.117405943308
0.155091776385	0.723672257056	0.237623641972
0.122791153295	0.859671205847	0.358701608824
0.102529117993	0.963852594364	0.597070456243
0.096005851582	0.998008467494	0.890681315616
0.0945083475376	0.999993566561	0.992957765256
0.0934359627408	0.999999999735	0.998769185642
0.0924978043286	1.0	0.998945980574
0.0916726159616	1.0	0.999081417962
0.0909437718273	1.0	0.999195449218
0.0902976772762	1.0	0.999292240843
0.0897231005947	1.0	0.999374983503
0.0892106769726	1.0	0.999446163367
0.0887525338843	1.0	0.999507741863
0.0883420042558	1.0	0.999561283575
0.0879734041206	1.0	0.999608049099
0.0876418583178	1.0	0.999649063445
0.087343162434	1.0	0.999685167097
0.0870736724112	1.0	0.999717054579
0.0868302154982	1.0	0.999745303908
0.0866100178335	1.0	0.99977039933
0.0864106451062	1.0	0.999792749017
0.0862299535906	1.0	0.999812698977
0.086066049473	1.0	0.999830544082
0.0859172548594	1.0	0.99984653686
0.0857820792013	1.0	0.999860894572
0.0856591951459	1.0	0.999873804938
0.0855474180212	1.0	0.999885430806
0.0854456883262	1.0	0.999895913971
0.0853530567164	1.0	0.999905378332
0.0852686710774	1.0	0.999913932503
0.0851917653479	1.0	0.999921671988
0.0851216498224	1.0	0.999928681001
0.0850577027048	1.0	0.999935034002
0.0849993627294	1.0	0.999940796986
0.0849461226927	1.0	0.999946028583
0.0848975237667	1.0	0.999950780992
0.0848531504863	1.0	0.99995510078
0.0848126263188	1.0	0.999959029569
0.0847756097384	1.0	0.999962604622
0.0847417907395	1.0	0.999965859359
0.0847108877347	1.0	0.999968823794
0.0846826447874	1.0	0.999971524926
0.0846568291401	1.0	0.999973987067
0.0846332290018	1.0	0.999976232141
0.0846116515643	1.0	0.999978279938
0.0845919212212	1.0	0.999980148343
0.0845738779666	1.0	0.999981853533
0.084557375953	1.0	0.999983410155
0.0845422821918	1.0	0.999984831479
0.0845284753798	1.0	0.999986129541
0.0845158448396	1.0	0.999987315263
0.0845042895606	1.0	0.999988398562
0.0844937173317	1.0	0.999989388451
0.084484043955	1.0	0.999990293122
0.0844751925326	1.0	0.999991120029
0.0844670928201	1.0	0.999991875956
0.084459680639	1.0	0.999992567078
0.0844528973432	1.0	0.999993199021
0.0844466893338	1.0	0.999993776912
0.0844410076175	1.0	0.999994305424
0.0844358074053	1.0	0.999994788819
0.0844310477465	1.0	0.999995230984
0.0844266911958	1.0	0.999995635466
0.0844227035095	1.0	0.999996005502
0.0844190533691	1.0	0.999996344046
0.0844157121286	1.0	0.999996653797
0.0844126535844	1.0	0.99999693722
0.0844098537656	1.0	0.999997196565
0.0844072907419	1.0	0.999997433889
0.0844049444487	1.0	0.99999765107
0.0844027965274	1.0	0.999997849827
0.0844008301795	1.0	0.999998031729
0.084399030033	1.0	0.999998198211
0.0843973820209	1.0	0.999998350584
0.0843958732698	1.0	0.99999849005
0.084394491998	1.0	0.999998617703
0.0843932274227	1.0	0.999998734549
0.0843920696751	1.0	0.999998841504
0.0843910097223	1.0	0.999998939408
0.0843900392966	1.0	0.999999029027
0.0843891508302	1.0	0.999999111066
0.0843883373961	1.0	0.999999186166
0.0843875926533	1.0	0.999999254915
0.0843869107976	1.0	0.999999317852
0.0843862865156	1.0	0.999999375468
0.0843857149433	1.0	0.999999428214
0.0843851916282	1.0	0.999999476502
0.0843847124941	1.0	0.999999520709
0.0843842738093	1.0	0.999999561181
0.0843838721579	1.0	0.999999598234
0.0843835044122	1.0	0.999999632156
0.0843831677092	1.0	0.999999663213
0.0843828594276	1.0	0.999999691647
0.0843825771676	1.0	0.999999717679
0.0843823187323	1.0	0.999999741512
0.0843820821101	1.0	0.999999763333
0.0843818654595	1.0	0.999999783311
0.0843816670944	1.0	0.999999801602
0.0843814854713	1.0	0.999999818349
0.0843813191769	1.0	0.999999833681
0.0843811669172	1.0	0.99999984772
0.0843810275076	1.0	0.999999860573
0.0843808998634	1.0	0.999999872341
0.0843807829915	1.0	0.999999883115