0.488332518275	0.186681289534	0.404866628269
0.584748260987	0.173003331649	0.694493928417
0.762036157201	0.166023598388	1.14489209912
0.936605801388	0.165311159012	1.73808746834
0.99631284944	0.165304989437	1.97055402236
0.999987125863	0.165304490452	1.99230043383
0.999999999831	0.165304380137	1.99616249585
1.0	0.165304355875	1.9980778552
1.0	0.165304350542	1.99903806767
1.0	0.16530434937	1.99951881656
1.0	0.165304349113	1.99975935349
1.0	0.165304349057	1.99987966295
1.0	0.165304349044	1.999939828
1.0	0.165304349041	1.99996991313
1.0	0.165304349041	1.99998495635
1.0	0.165304349041	1.99999247812
1.0	0.165304349041	1.99999623905
1.0	0.165304349041	1.99999811952
1.0	0.165304349041	1.99999905976
1.0	0.165304349041	1.99999952988
1.0	0.165304349041	1.99999976494
1.0	0.165304349041	1.99999988247
1.0	0.165304349041	1.99999994123
1.0	0.165304349041	1.99999997062
1.0	0.165304349041	1.99999998531