0.0250032831364	0.34796120919	0.192799507394
0.023824418042	0.381033801067	0.309565069648
0.0225064545652	0.519153825237	0.430185784576
0.0216905413442	0.728845556855	0.627909168319
0.0209199519067	0.923281483381	0.868291003698
0.0201566265361	0.994614404339	0.986710890167
0.0194560231493	0.999972392812	0.997589164643
0.0188394088271	0.999999999134	0.998073498637
0.0182928327485	1.0	0.998393536577
0.0178033010683	1.0	0.998639344689
0.0173610240787	1.0	0.998831614716
0.0169584767414	1.0	0.998984457968
0.0165897645549	1.0	0.999107755841
0.0162501925457	1.0	0.999208568299
0.0159359651642	1.0	0.999292026435
0.0156439728708	1.0	0.999361915984
0.0153716374958	1.0	0.999421068075
0.0151167982756	1.0	0.999471626234
0.0148776265646	1.0	0.999515232022
0.0146525611032	1.0	0.999553156085
0.0144402582445	1.0	0.999586391945
0.0142395532206	1.0	0.999615723937
0.014049429661	1.0	0.999641776975
0.0138689953531	1.0	0.999665053374
0.0136974627783	1.0	0.999685960348
0.0135341333404	1.0	0.999704830736
0.0133783844751	1.0	0.99972193874
0.0132296590307	1.0	0.999737511975
0.013087456455	1.0	0.999751740766
0.0129513254282	1.0	0.999764785372
0.0128208576653	1.0	0.999776781635
0.0126956826704	1.0	0.999787845433
0.0125754632703	1.0	0.999798076205
0.0124598917921	1.0	0.999807559777
0.0123486867752	1.0	0.999816370616
0.0122415901291	1.0	0.999824573666
0.0121383646672	1.0	0.999832225831
0.0120387919558	1.0	0.999839377194
0.0119426704331	1.0	0.999846072018
0.0118498137568	1.0	0.999852349576
0.0117600493479	1.0	0.999858244839
0.011673217103	1.0	0.999863789056
0.0115891682537	1.0	0.999869010237
0.0115077643505	1.0	0.999873933565
0.0114288763582	1.0	0.999878581743
0.0113523838462	1.0	0.999882975295
0.0112781742636	1.0	0.999887132818
0.0112061422875	1.0	0.999891071205
0.0111361892363	1.0	0.999894805831
0.0110682225411	1.0	0.999898350722
0.0110021552668	1.0	0.999901718694
0.0109379056794	1.0	0.999904921485
0.0108753968527	1.0	0.999907969858
0.010814556311	1.0	0.999910873703
0.0107553157038	1.0	0.99991364212
0.0106976105092	1.0	0.999916283497
0.0106413797629	1.0	0.999918805575
0.0105865658104	1.0	0.999921215506
0.0105331140798	1.0	0.999923519912
0.0104809728733	1.0	0.999925724927
0.0104300931764	1.0	0.999927836242
0.0103804284811	1.0	0.999929859145
0.0103319346245	1.0	0.99993179855
0.0102845696388	1.0	0.999933659035
0.0102382936135	1.0	0.999935444865
0.0101930685679	1.0	0.999937160017
0.0101488583328	1.0	0.999938808208
0.0101056284414	1.0	0.99994039291
0.0100633460279	1.0	0.999941917372
0.0100219797332	1.0	0.999943384637
0.00998149961759	1.0	0.999944797557
0.00994187707953	1.0	0.999946158805
0.00990308477968	1.0	0.999947470894
0.00986509657054	1.0	0.999948736184
0.00982788743057	1.0	0.999949956894
0.00979143340282	1.0	0.999951135111
0.00975571153755	1.0	0.999952272802
0.00972069983855	1.0	0.999953371822
0.00968637721297	1.0	0.999954433917
0.0096527234243	1.0	0.999955460738
0.00961971904832	1.0	0.999956453844
0.00958734543175	1.0	0.999957414706
0.00955558465348	1.0	0.999958344717
0.00952441948814	1.0	0.999959245195
0.00949383337184	1.0	0.999960117388
0.00946381036999	1.0	0.999960962478
0.00943433514693	1.0	0.999961781585
0.00940539293743	1.0	0.999962575773
0.00937696951975	1.0	0.99996334605
0.00934905119029	1.0	0.999964093374
0.00932162473961	1.0	0.999964818656
0.00929467742982	1.0	0.99996552276
0.00926819697329	1.0	0.99996620651
0.00924217151235	1.0	0.999966870689
0.00921658960028	1.0	0.999967516042
0.00919144018321	1.0	0.99996814328
0.00916671258298	1.0	0.999968753079
0.00914239648098	1.0	0.999969346085
0.00911848190275	1.0	0.999969922913
0.00909495920342	1.0	0.99997048415
0.00907181905386	1.0	0.999971030358
0.00904905242759	1.0	0.999971562072
0.00902665058832	1.0	0.999972079805
0.00900460507803	1.0	0.999972584044
0.00898290770582	1.0	0.999973075259
0.00896155053712	1.0	0.999973553897
0.00894052588351	1.0	0.999974020387
0.00891982629306	1.0	0.999974475138
0.00889944454106	1.0	0.999974918544
0.00887937362121	1.0	0.999975350982
0.00885960673727	1.0	0.999975772813
0.00884013729501	1.0	0.999976184382
0.00882095889463	1.0	0.999976586022
0.00880206532344	1.0	0.999976978052
0.00878345054893	1.0	0.999977360777
0.00876510871212	1.0	0.999977734491
0.0087470341212	1.0	0.999978099477
0.00872922124553	1.0	0.999978456005
0.00871166470976	1.0	0.999978804336
0.00869435928835	1.0	0.99997914472
0.00867729990022	1.0	0.9999794774
0.00866048160371	1.0	0.999979802606
0.00864389959169	1.0	0.999980120562
0.00862754918694	1.0	0.999980431482
0.00861142583763	1.0	0.999980735574
0.0085955251131	1.0	0.999981033037
0.00857984269973	1.0	0.999981324062
0.00856437439705	1.0	0.999981608836
0.00854911611389	1.0	0.999981887535
0.00853406386484	1.0	0.999982160334
0.00851921376675	1.0	0.999982427396
0.00850456203535	1.0	0.999982688883
0.00849010498214	1.0	0.99998294495
0.00847583901121	1.0	0.999983195744
0.00846176061635	1.0	0.999983441411
0.0084478663782	1.0	0.999983682089
0.00843415296146	1.0	0.999983917913
0.00842061711234	1.0	0.999984149013
0.00840725565596	1.0	0.999984375514
0.00839406549397	1.0	0.999984597538
0.00838104360216	1.0	0.999984815201
0.00836818702823	1.0	0.999985028619
0.0083554928896	1.0	0.9999852379
0.00834295837134	1.0	0.99998544315
0.00833058072412	1.0	0.999985644473
0.0083183572623	1.0	0.999985841968
0.00830628536201	1.0	0.999986035731
0.00829436245939	1.0	0.999986225856
0.00828258604881	1.0	0.999986412434
0.00827095368121	1.0	0.999986595551
0.00825946296245	1.0	0.999986775294
0.00824811155178	1.0	0.999986951743
0.0082368971603	1.0	0.999987124979
0.00822581754949	1.0	0.99998729508
0.00821487052983	1.0	0.99998746212
0.00820405395942	1.0	0.999987626173
0.00819336574266	1.0	0.999987787308
0.00818280382898	1.0	0.999987945595
0.00817236621161	1.0	0.999988101099
0.0081620509264	1.0	0.999988253886
0.00815185605065	1.0	0.999988404018
0.008141779702	1.0	0.999988551557
0.00813182003738	1.0	0.99998869656
0.00812197525193	1.0	0.999988839086
0.00811224357802	1.0	0.999988979191
0.00810262328426	1.0	0.999989116929
0.00809311267456	1.0	0.999989252352
0.00808371008721	1.0	0.999989385512
0.00807441389401	1.0	0.999989516458
0.00806522249939	1.0	0.999989645239
0.00805613433959	1.0	0.999989771903
0.00804714788184	1.0	0.999989896495
0.00803826162361	1.0	0.999990019059
0.00802947409181	1.0	0.999990139639
0.00802078384209	1.0	0.999990258278
0.00801218945812	1.0	0.999990375016
0.00800368955088	1.0	0.999990489894
0.00799528275802	1.0	0.999990602949
0.00798696774319	1.0	0.999990714222
0.00797874319541	1.0	0.999990823747
0.00797060782845	1.0	0.999990931562
0.00796256038027	1.0	0.999991037701
0.00795459961241	1.0	0.999991142198
0.00794672430944	1.0	0.999991245088
0.00793893327841	1.0	0.999991346401
0.00793122534833	1.0	0.999991446171
0.00792359936965	1.0	0.999991544427
0.00791605421377	1.0	0.999991641199
0.00790858877255	1.0	0.999991736518
0.00790120195784	1.0	0.999991830412
0.00789389270101	1.0	0.999991922908
0.00788665995252	1.0	0.999992014033
0.00787950268148	1.0	0.999992103815
0.00787241987525	1.0	0.99999219228
0.00786541053899	1.0	0.999992279451
0.00785847369528	1.0	0.999992365355
0.00785160838375	1.0	0.999992450014
0.00784481366069	1.0	0.999992533454
0.00783808859867	1.0	0.999992615695
0.00783143228621	1.0	0.999992696762
0.00782484382741	1.0	0.999992776676
0.00781832234161	1.0	0.999992855458
0.00781186696309	1.0	0.999992933129
0.0078054768407	1.0	0.999993009709
0.00779915113761	1.0	0.999993085219
0.00779288903096	1.0	0.999993159677
0.00778668971156	1.0	0.999993233104
0.00778055238363	1.0	0.999993305517
0.00777447626451	1.0	0.999993376934
0.00776846058439	1.0	0.999993447374
0.007762504586	1.0	0.999993516854
0.00775660752442	1.0	0.99999358539
0.00775076866678	1.0	0.999993652999
0.00774498729201	1.0	0.999993719698
0.00773926269063	1.0	0.999993785503
0.00773359416447	1.0	0.999993850428
0.00772798102651	1.0	0.99999391449
0.00772242260056	1.0	0.999993977702
0.00771691822114	1.0	0.999994040081
0.00771146723319	1.0	0.999994101638
0.00770606899191	1.0	0.99999416239
0.00770072286253	1.0	0.999994222349
0.00769542822014	1.0	0.999994281528
0.00769018444946	1.0	0.999994339942
0.00768499094467	1.0	0.999994397602
0.00767984710925	1.0	0.99999445452
0.00767475235575	1.0	0.999994510711
0.00766970610566	1.0	0.999994566184
0.00766470778921	1.0	0.999994620953
0.00765975684521	1.0	0.999994675028
0.0076548527209	1.0	0.999994728421
0.00764999487178	1.0	0.999994781143
0.00764518276143	1.0	0.999994833204
0.0076404158614	1.0	0.999994884616
0.00763569365106	1.0	0.999994935389
0.00763101561739	1.0	0.999994985532
0.00762638125492	1.0	0.999995035057
0.00762179006555	1.0	0.999995083972
0.0076172415584	1.0	0.999995132288
0.00761273524972	1.0	0.999995180013
0.00760827066273	1.0	0.999995227157
0.00760384732748	1.0	0.999995273729
0.00759946478077	1.0	0.999995319738
0.007595122566	1.0	0.999995365192
0.00759082023305	1.0	0.9999954101
0.00758655733815	1.0	0.999995454471
0.00758233344382	1.0	0.999995498312
0.0075781481187	1.0	0.999995541632
0.00757400093748	1.0	0.999995584439
0.00756989148077	1.0	0.999995626739
0.00756581933499	1.0	0.999995668542
0.00756178409232	1.0	0.999995709854
0.00755778535053	1.0	0.999995750682
0.00755382271293	1.0	0.999995791034
0.00754989578826	1.0	0.999995830917
0.00754600419059	1.0	0.999995870338
0.00754214753923	1.0	0.999995909303
0.00753832545866	1.0	0.999995947819
0.00753453757843	1.0	0.999995985893
0.00753078353305	1.0	0.999996023532
0.00752706296193	1.0	0.99999606074
0.00752337550932	1.0	0.999996097526
0.00751972082418	1.0	0.999996133894
0.00751609856013	1.0	0.99999616985
0.00751250837537	1.0	0.999996205402
0.0075089499326	1.0	0.999996240553
0.00750542289894	1.0	0.999996275311
0.00750192694588	1.0	0.99999630968
0.00749846174918	1.0	0.999996343666
0.00749502698881	1.0	0.999996377274
0.0074916223489	1.0	0.99999641051
0.00748824751763	1.0	0.999996443379
0.00748490218722	1.0	0.999996475885
0.00748158605382	1.0	0.999996508035
0.00747829881745	1.0	0.999996539832
0.00747504018199	1.0	0.999996571282
0.00747180985503	1.0	0.999996602389
0.0074686075479	1.0	0.999996633159
0.00746543297555	1.0	0.999996663595
0.00746228585653	1.0	0.999996693702
0.00745916591289	1.0	0.999996723484
0.00745607287017	1.0	0.999996752947
0.00745300645735	1.0	0.999996782094
0.00744996640673	1.0	0.999996810929
0.00744695245395	1.0	0.999996839457
0.00744396433791	1.0	0.999996867681
0.00744100180071	1.0	0.999996895606
0.00743806458763	1.0	0.999996923236
0.00743515244705	1.0	0.999996950574
0.00743226513042	1.0	0.999996977624
0.0074294023922	1.0	0.999997004391
0.00742656398984	1.0	0.999997030877
0.00742374968371	1.0	0.999997057086
0.00742095923707	1.0	0.999997083023
0.00741819241602	1.0	0.99999710869
0.00741544898945	1.0	0.999997134091
0.00741272872902	1.0	0.999997159229
0.00741003140911	1.0	0.999997184108
0.00740735680675	1.0	0.999997208731
0.00740470470165	1.0	0.999997233101
0.00740207487607	1.0	0.999997257221
0.00739946711487	1.0	0.999997281096
0.00739688120542	1.0	0.999997304726
0.00739431693756	1.0	0.999997328117
0.0073917741036	1.0	0.99999735127
0.00738925249826	1.0	0.999997374189
0.00738675191864	1.0	0.999997396876
0.00738427216419	1.0	0.999997419335
0.00738181303665	1.0	0.999997441568
0.00737937434007	1.0	0.999997463578
0.00737695588073	1.0	0.999997485368
0.00737455746712	1.0	0.99999750694
0.00737217890993	1.0	0.999997528298
0.00736982002198	1.0	0.999997549443
0.00736748061824	1.0	0.999997570379
0.00736516051576	1.0	0.999997591107
0.00736285953365	1.0	0.999997611631
0.00736057749305	1.0	0.999997631952
0.00735831421711	1.0	0.999997652074
0.00735606953098	1.0	0.999997671998
0.00735384326174	1.0	0.999997691727
0.0073516352384	1.0	0.999997711264
0.00734944529185	1.0	0.99999773061
0.0073472732549	1.0	0.999997749767
0.00734511896215	1.0	0.999997768739
0.00734298225006	1.0	0.999997787527
0.00734086295688	1.0	0.999997806134
0.00733876092262	1.0	0.999997824561
0.00733667598906	1.0	0.99999784281
0.00733460799968	1.0	0.999997860884
0.00733255679968	1.0	0.999997878785
0.00733052223595	1.0	0.999997896514
0.007328504157	1.0	0.999997914075
0.00732650241301	1.0	0.999997931467
0.00732451685576	1.0	0.999997948694
0.00732254733862	1.0	0.999997965758
0.00732059371655	1.0	0.99999798266
0.00731865584604	1.0	0.999997999402
0.00731673358511	1.0	0.999998015986
0.0073148267933	1.0	0.999998032413
0.00731293533165	1.0	0.999998048686
0.00731105906265	1.0	0.999998064807
0.00730919785026	1.0	0.999998080776
0.00730735155986	1.0	0.999998096596
0.00730552005827	1.0	0.999998112268
0.00730370321367	1.0	0.999998127794
0.00730190089565	1.0	0.999998143176
0.00730011297515	1.0	0.999998158414
0.00729833932446	1.0	0.999998173512
0.00729657981719	1.0	0.99999818847
0.00729483432827	1.0	0.99999820329
0.00729310273391	1.0	0.999998217973
0.00729138491162	1.0	0.999998232521
0.00728968074015	1.0	0.999998246935
0.00728799009951	1.0	0.999998261217
0.00728631287093	1.0	0.999998275368
0.00728464893686	1.0	0.99999828939
0.00728299818097	1.0	0.999998303284
0.00728136048808	1.0	0.999998317051
0.0072797357442	1.0	0.999998330693
0.0072781238365	1.0	0.999998344212
0.00727652465328	1.0	0.999998357607
0.00727493808398	1.0	0.999998370882
0.00727336401915	1.0	0.999998384036
0.00727180235044	1.0	0.999998397072
0.00727025297059	1.0	0.999998409991
0.00726871577341	1.0	0.999998422793
0.00726719065377	1.0	0.99999843548
0.00726567750759	1.0	0.999998448054
0.00726417623184	1.0	0.999998460515
0.00726268672449	1.0	0.999998472865
0.00726120888455	1.0	0.999998485105
0.00725974261199	1.0	0.999998497235
0.00725828780781	1.0	0.999998509258
0.00725684437396	1.0	0.999998521174
0.00725541221336	1.0	0.999998532984
0.00725399122987	1.0	0.99999854469
0.00725258132833	1.0	0.999998556292
0.00725118241446	1.0	0.999998567792
0.00724979439494	1.0	0.99999857919
0.00724841717735	1.0	0.999998590488
0.00724705067014	1.0	0.999998601687
0.00724569478268	1.0	0.999998612788
0.00724434942522	1.0	0.999998623791
0.00724301450884	1.0	0.999998634698
0.00724168994553	1.0	0.99999864551
0.00724037564807	1.0	0.999998656227
0.00723907153013	1.0	0.999998666851
0.00723777750618	1.0	0.999998677383
0.00723649349152	1.0	0.999998687823
0.00723521940224	1.0	0.999998698172
0.00723395515525	1.0	0.999998708432
0.00723270066825	1.0	0.999998718603
0.00723145585971	1.0	0.999998728686