0.179341959765	0.0239371725441	0.291516437793
0.164792780345	0.0270400979465	0.422108742937
0.157904733192	0.0286695006825	0.461164344637
0.151607599949	0.0303350895319	0.480465997577
0.144923951471	0.0323442977205	0.49061783011
0.137728887645	0.0348603744125	0.496103138428
0.130061235592	0.0380731360057	0.499282272296
0.122024293253	0.0422670605561	0.501502331529
0.113802549134	0.047900633046	0.503670337305
0.105722310633	0.0557535418357	0.506706866114
0.0983565546462	0.0672299597012	0.512174694869
0.0926291951994	0.0849971042163	0.523505942368
0.0895382598854	0.114212866994	0.547409157916
0.0888129922896	0.163929111416	0.589991886481
0.0887828415389	0.24584435902	0.654463050027
0.0887827999166	0.371974944723	0.766284573935
0.0887827999103	0.554496731702	0.982616384093
0.0887827999083	0.779258427798	1.37763662929
0.0887827999077	0.951397882982	1.83075223607
0.0887827999075	0.997875913643	1.99171646991
0.0887827999074	0.999995679094	1.99998209304
0.0887827999074	0.999999999981	1.99999967906
0.0887827999074	1.0	1.99999983957
0.0887827999074	1.0	1.99999991978
0.0887827999074	1.0	1.99999995989
0.0887827999074	1.0	1.99999997995
0.0887827999074	1.0	1.99999998997