0.640023429056	0.611483813764	0.0279163825594
0.636747869262	0.620600671555	0.0287881994713
0.64067736231	0.630823806706	0.029065095252
0.650710307637	0.647129083402	0.0290485153559
0.668122283139	0.672858768722	0.0286382174817
0.695793833427	0.711233908745	0.0274528749177
0.736259786593	0.761143518008	0.0249988091577
0.784196748735	0.806007265328	0.0216940085302
0.82525733002	0.824081839604	0.0192212007967
0.854405720307	0.821766558372	0.0179341762291
0.87490044754	0.813289615338	0.0172294049037
0.88953825988	0.804732484231	0.0167788614237
0.899876699448	0.797659857999	0.0164721865437
0.907057641361	0.79214197119	0.0162687018428
0.912040683855	0.787904744425	0.0161420863577
0.915577100858	0.784657268902	0.0160699101718
0.918203955867	0.782152625289	0.0160339833091
0.920283351583	0.780196014951	0.0160208353108
0.922051734933	0.778640933055	0.0160211902713
0.923660793341	0.777380562487	0.0160290437216
0.925206921566	0.776338472389	0.0160407446992
0.926751596642	0.775460285514	0.0160542186163
0.928335312782	0.774706807359	0.0160683635263
0.929986612169	0.774048896496	0.0160826272791
0.93172713864	0.773464094493	0.0160967514054
0.93357376226	0.772934640563	0.0161106399433
0.935538962007	0.772446343223	0.0161243006633
0.937630440636	0.771987903068	0.0161378174814
0.939850565253	0.771550463362	0.0161513317233
0.942195927591	0.771127282889	0.0161650239912
0.944657164327	0.770713477225	0.0161790952363
0.947219118682	0.770305792681	0.0161937478165
0.94986139768	0.769902383769	0.0162091675245
0.952559349373	0.769502569646	0.016225507245
0.95528543972	0.769106551561	0.0162428725761
0.958010949131	0.768715086159	0.0162613097013
0.96070782931	0.768329137694	0.0162807966716
0.963350441408	0.767949592379	0.0163012424289
0.965916723164	0.76757721486	0.0163225043894
0.968388233743	0.767213066441	0.0163444395668
0.970748957478	0.766859306526	0.016366984775
0.972983990346	0.766519595829	0.0163902065367
0.975079883462	0.766198249461	0.0164142449574
0.977026661135	0.765898689279	0.0164391843138
0.978819526889	0.765622609697	0.0164649752538
0.980458998563	0.765370172829	0.0164914541618
0.981949903754	0.765140562784	0.0165184027159
0.983300079854	0.764932423364	0.0165455938819
0.98451922476	0.764744120002	0.016572813395
0.985618003324	0.764573897342	0.0165998659351
0.986607387	0.764419983949	0.0166265754391
0.987498181728	0.764280664965	0.0166527844609
0.988300704856	0.764154330514	0.016678354211
0.989024579704	0.764039504461	0.0167031653373
0.989678621661	0.763934857761	0.0167271189753
0.990270793278	0.76383921043	0.0167501375381
0.990808208956	0.763751525716	0.0167721648669
0.991297173015	0.763670899435	0.0167931655634
0.991743238156	0.763596546743	0.0168131235149
0.992151274469	0.763527788029	0.0168320397621
0.992525541893	0.763464035049	0.0168499299302
0.992869761382	0.763404778007	0.0168668214635
0.993187181843	0.76334957396	0.0168827508774
0.993480641242	0.763298036673	0.0168977611938
0.993752621228	0.763249827942	0.0169118996692
0.994005295248	0.763204650253	0.0169252158726
0.994240570457	0.763162240645	0.0169377601272
0.994460123972	0.763122365616	0.0169495823
0.99466543407	0.763084816901	0.0169607309022
0.994857806959	0.763049407969	0.0169712524574
0.995038399707	0.763015971133	0.0169811910887
0.995208239876	0.76298435513	0.016990588279
0.995368242336	0.762954423104	0.0169994827647
0.995519223678	0.762926050905	0.0170079105285
0.995661914584	0.762899125645	0.0170159048611
0.995796970462	0.762873544465	0.0170234964706
0.995924980609	0.762849213471	0.0170307136228
0.996046476112	0.762826046813	0.0170375822971
0.996161936691	0.762803965881	0.0170441263503
0.996271796626	0.762782898589	0.0170503676803
0.996376449903	0.762762778761	0.0170563263868
0.996476254701	0.762743545563	0.0170620209229
0.996571537302	0.762725143016	0.017067468239
0.996662595516	0.762707519544	0.0170726839162
0.99674970168	0.762690627585	0.0170776822893
0.996833105294	0.762674423225	0.0170824765593
0.99691303534	0.762658865879	0.0170870788965
0.996989702334	0.762643917998	0.0170915005335
0.997063300131	0.762629544807	0.0170957518503
0.997134007537	0.762615714066	0.0170998424504
0.997201989726	0.762602395857	0.0171037812299
0.997267399514	0.762589562381	0.0171075764404
0.997330378485	0.762577187791	0.0171112357448
0.997391058005	0.762565248022	0.017114766268
0.997449560119	0.76255372065	0.0171181746434
0.997505998368	0.762542584759	0.0171214670535
0.997560478509	0.762531820817	0.0171246492681
0.997613099177	0.762521410568	0.0171277266772
0.997663952467	0.762511336932	0.0171307043227
0.997713124475	0.762501583916	0.017133586925
0.997760695771	0.762492136524	0.0171363789091
0.99780674184	0.762482980687	0.0171390844272
0.997851333476	0.762474103195	0.017141707379
0.997894537141	0.762465491625	0.0171442514313
0.997936415294	0.762457134293	0.0171467200349
0.997977026683	0.762449020194	0.0171491164403
0.998016426624	0.762441138955	0.0171514437125
0.998054667243	0.762433480794	0.0171537047434
0.998091797705	0.762426036473	0.0171559022647
0.998127864424	0.762418797265	0.0171580388583
0.99816291125	0.762411754916	0.0171601169669
0.998196979645	0.762404901616	0.0171621389031
0.998230108844	0.762398229969	0.017164106858
0.998262336005	0.762391732962	0.0171660229093
0.998293696342	0.762385403948	0.0171678890283
0.998324223252	0.762379236613	0.0171697070869
0.998353948432	0.762373224965	0.0171714788638
0.998382901985	0.762367363304	0.0171732060501
0.99841111252	0.762361646213	0.017174890255
0.998438607243	0.762356068533	0.0171765330103
0.998465412043	0.762350625355	0.0171781357753
0.998491551573	0.762345311997	0.017179699941
0.998517049319	0.762340123998	0.0171812268341
0.998541927671	0.7623350571	0.0171827177207
0.998566207986	0.762330107241	0.0171841738096
0.998589910648	0.762325270538	0.0171855962557
0.998613055123	0.762320543282	0.0171869861629
0.998635660007	0.762315921927	0.0171883445871
0.998657743079	0.76231140308	0.0171896725384
0.998679321343	0.762306983494	0.0171909709839
0.99870041107	0.762302660057	0.0171922408498
0.998721027839	0.762298429791	0.0171934830239
0.998741186569	0.762294289839	0.017194698357
0.998760901562	0.762290237462	0.0171958876653
0.998780186524	0.762286270031	0.0171970517319
0.998799054606	0.762282385024	0.0171981913087
0.998817518426	0.762278580018	0.0171993071177
0.998835590096	0.762274852685	0.0172003998526
0.998853281251	0.762271200787	0.0172014701802
0.998870603067	0.762267622174	0.0172025187417
0.99888756629	0.762264114776	0.0172035461539
0.99890418125	0.762260676601	0.0172045530104
0.998920457885	0.762257305733	0.0172055398825
0.998936405759	0.762254000325	0.0172065073206
0.998952034079	0.762250758599	0.0172074558547
0.998967351712	0.762247578839	0.017208385996
0.998982367199	0.762244459394	0.0172092982369
0.998997088772	0.762241398668	0.0172101930525
0.999011524368	0.762238395124	0.0172110709013
0.999025681639	0.762235447278	0.0172119322254
0.99903956797	0.762232553696	0.017212777452
0.999053190485	0.762229712994	0.0172136069933
0.999066556063	0.762226923836	0.0172144212479
0.999079671345	0.762224184928	0.0172152206005
0.999092542747	0.762221495022	0.0172160054233
0.999105176468	0.76221885291	0.0172167760761
0.9991175785	0.762216257424	0.0172175329068
0.999129754636	0.762213707433	0.017218276252
0.999141710476	0.762211201843	0.0172190064376
0.999153451441	0.762208739594	0.017219723779
0.999164982775	0.762206319663	0.0172204285814
0.999176309553	0.762203941054	0.0172211211406
0.999187436689	0.762201602805	0.0172218017432
0.999198368942	0.762199303983	0.0172224706668
0.999209110922	0.762197043685	0.0172231281806
0.999219667096	0.762194821033	0.0172237745456
0.999230041791	0.762192635176	0.0172244100148
0.999240239206	0.76219048529	0.0172250348336
0.999250263408	0.762188370574	0.0172256492404
0.999260118345	0.76218629025	0.0172262534662
0.999269807845	0.762184243565	0.0172268477356
0.999279335624	0.762182229786	0.0172274322663
0.999288705287	0.762180248201	0.01722800727
0.999297920334	0.762178298118	0.0172285729524
0.999306984166	0.762176378867	0.017229129513
0.999315900082	0.762174489795	0.0172296771461
0.999324671291	0.762172630266	0.0172302160403
0.999333300907	0.762170799663	0.017230746379
0.999341791959	0.762168997387	0.0172312683408
0.999350147391	0.762167222854	0.017231782099
0.999358370065	0.762165475496	0.0172322878225
0.999366462763	0.762163754759	0.0172327856757
0.999374428193	0.762162060107	0.0172332758183
0.999382268987	0.762160391015	0.0172337584059
0.999389987708	0.762158746974	0.0172342335902
0.99939758685	0.762157127486	0.0172347015186
0.99940506884	0.762155532069	0.0172351623349
0.99941243604	0.76215396025	0.017235616179
0.999419690752	0.762152411572	0.0172360631874
0.999426835217	0.762150885586	0.0172365034931
0.999433871617	0.762149381856	0.0172369372255
0.99944080208	0.762147899957	0.017237364511
0.999447628677	0.762146439474	0.0172377854727
0.999454353428	0.762145000003	0.0172382002308
0.999460978302	0.76214358115	0.0172386089024
0.999467505218	0.76214218253	0.0172390116018
0.999473936048	0.762140803768	0.0172394084404
0.999480272617	0.762139444496	0.0172397995271
0.999486516705	0.762138104358	0.0172401849681
0.999492670048	0.762136783005	0.017240564867
0.999498734342	0.762135480096	0.017240939325
0.999504711239	0.762134195297	0.0172413084409
0.999510602354	0.762132928285	0.0172416723112
0.999516409261	0.762131678742	0.0172420310302
0.9995221335	0.762130446357	0.0172423846899
0.999527776571	0.762129230829	0.0172427333803
0.999533339941	0.76212803186	0.0172430771893
0.999538825043	0.762126849161	0.0172434162028
0.999544233276	0.762125682451	0.0172437505048
0.999549566007	0.762124531452	0.0172440801772
0.999554824571	0.762123395894	0.0172444053005
0.999560010275	0.762122275514	0.017244725953
0.999565124393	0.762121170052	0.0172450422115
0.999570168173	0.762120079256	0.017245354151
0.999575142834	0.762119002878	0.0172456618449
0.999580049569	0.762117940678	0.0172459653651
0.999584889543	0.762116892418	0.0172462647818
0.999589663895	0.762115857867	0.0172465601639
0.999594373743	0.762114836797	0.0172468515785
0.999599020176	0.762113828989	0.0172471390916
0.999603604261	0.762112834223	0.0172474227676
0.999608127044	0.762111852288	0.0172477026698
0.999612589546	0.762110882976	0.0172479788598
0.999616992768	0.762109926082	0.0172482513983
0.999621337688	0.762108981408	0.0172485203444
0.999625625266	0.762108048757	0.0172487857564
0.999629856439	0.762107127939	0.017249047691
0.999634032127	0.762106218765	0.017249306204
0.99963815323	0.762105321052	0.0172495613499
0.999642220628	0.76210443462	0.0172498131823
0.999646235186	0.762103559293	0.0172500617536
0.999650197749	0.762102694897	0.0172503071152
0.999654109145	0.762101841262	0.0172505493174
0.999657970185	0.762100998224	0.0172507884096
0.999661781667	0.762100165618	0.0172510244402
0.999665544369	0.762099343285	0.0172512574567
0.999669259054	0.762098531069	0.0172514875057
0.999672926473	0.762097728815	0.0172517146327
0.999676547359	0.762096936374	0.0172519388825
0.999680122432	0.762096153597	0.017252160299
0.999683652398	0.76209538034	0.0172523789253
0.999687137949	0.76209461646	0.0172525948037
0.999690579763	0.762093861818	0.0172528079755
0.999693978507	0.762093116277	0.0172530184815
0.999697334833	0.762092379702	0.0172532263616
0.999700649381	0.762091651963	0.0172534316549
0.99970392278	0.762090932929	0.0172536344
0.999707155647	0.762090222474	0.0172538346345
0.999710348586	0.762089520472	0.0172540323955
0.999713502192	0.762088826803	0.0172542277193
0.999716617045	0.762088141344	0.0172544206417
0.99971969372	0.762087463979	0.0172546111977
0.999722732776	0.762086794592	0.0172547994217
0.999725734765	0.762086133069	0.0172549853476
0.999728700227	0.762085479299	0.0172551690086
0.999731629694	0.76208483317	0.0172553504372
0.999734523688	0.762084194577	0.0172555296655
0.999737382719	0.762083563413	0.017255706725
0.999740207292	0.762082939573	0.0172558816466
0.999742997899	0.762082322957	0.0172560544607
0.999745755027	0.762081713463	0.0172562251971
0.999748479151	0.762081110992	0.0172563938851
0.99975117074	0.762080515449	0.0172565605536
0.999753830254	0.762079926737	0.0172567252309
0.999756458145	0.762079344763	0.0172568879448
0.999759054856	0.762078769434	0.0172570487227
0.999761620824	0.762078200662	0.0172572075915
0.999764156478	0.762077638355	0.0172573645776
0.999766662239	0.762077082428	0.0172575197071
0.999769138521	0.762076532794	0.0172576730055
0.999771585732	0.762075989368	0.0172578244979
0.999774004271	0.762075452068	0.017257974209
0.999776394533	0.762074920811	0.0172581221632
0.999778756903	0.762074395517	0.0172582683843
0.999781091763	0.762073876108	0.0172584128958
0.999783399487	0.762073362505	0.017258555721
0.999785680441	0.762072854632	0.0172586968824
0.999787934989	0.762072352414	0.0172588364026
0.999790163485	0.762071855776	0.0172589743034
0.999792366279	0.762071364647	0.0172591106066
0.999794543716	0.762070878953	0.0172592453334
0.999796696135	0.762070398625	0.0172593785048
0.999798823867	0.762069923593	0.0172595101415
0.999800927241	0.762069453789	0.0172596402637
0.999803006579	0.762068989145	0.0172597688914
0.999805062199	0.762068529596	0.0172598960443
0.999807094412	0.762068075077	0.0172600217417
0.999809103525	0.762067625523	0.0172601460027
0.999811089842	0.762067180871	0.017260268846
0.999813053658	0.76206674106	0.01726039029
0.999814995268	0.762066306027	0.017260510353
0.999816914959	0.762065875714	0.0172606290528
0.999818813014	0.762065450059	0.017260746407
0.999820689714	0.762065029007	0.0172608624329
0.999822545333	0.762064612497	0.0172609771477
0.999824380141	0.762064200475	0.0172610905682
0.999826194406	0.762063792885	0.0172612027108
0.999827988388	0.76206338967	0.0172613135919
0.999829762348	0.762062990779	0.0172614232276
0.999831516539	0.762062596156	0.0172615316336
0.999833251212	0.76206220575	0.0172616388256
0.999834966613	0.762061819509	0.0172617448189
0.999836662985	0.762061437382	0.0172618496286
0.999838340569	0.76206105932	0.0172619532696
0.999839999599	0.762060685271	0.0172620557565
0.999841640308	0.762060315189	0.0172621571038
0.999843262924	0.762059949024	0.0172622573258
0.999844867673	0.76205958673	0.0172623564364
0.999846454778	0.76205922826	0.0172624544496
0.999848024456	0.762058873568	0.0172625513788
0.999849576923	0.762058522609	0.0172626472376
0.999851112392	0.762058175338	0.0172627420391
0.999852631072	0.762057831712	0.0172628357964
0.999854133169	0.762057491686	0.0172629285223
0.999855618886	0.762057155219	0.0172630202296
0.999857088424	0.762056822267	0.0172631109306
0.99985854198	0.762056492791	0.0172632006376
0.999859979749	0.762056166748	0.0172632893629
0.999861401922	0.762055844098	0.0172633771184
0.999862808688	0.762055524802	0.0172634639157
0.999864200234	0.76205520882	0.0172635497666
0.999865576744	0.762054896114	0.0172636346826
0.999866938398	0.762054586646	0.0172637186748
0.999868285375	0.762054280377	0.0172638017544
0.99986961785	0.762053977272	0.0172638839324
0.999870935999	0.762053677292	0.0172639652197
0.999872239991	0.762053380403	0.0172640456269
0.999873529996	0.762053086568	0.0172641251644
0.999874806179	0.762052795753	0.0172642038428
0.999876068705	0.762052507923	0.0172642816723
0.999877317736	0.762052223043	0.0172643586628
0.99987855343	0.762051941081	0.0172644348245
0.999879775947	0.762051662002	0.017264510167
0.99988098544	0.762051385775	0.0172645847002
0.999882182063	0.762051112366	0.0172646584335
0.999883365967	0.762050841744	0.0172647313764
0.9998845373	0.762050573877	0.0172648035381
0.999885696211	0.762050308734	0.017264874928
0.999886842843	0.762050046285	0.0172649455548
0.999887977339	0.7620497865	0.0172650154278
0.999889099842	0.762049529347	0.0172650845555
0.999890210489	0.762049274799	0.0172651529468
0.999891309418	0.762049022826	0.0172652206101
0.999892396765	0.762048773399	0.017265287554
0.999893472664	0.76204852649	0.0172653537868
0.999894537245	0.76204828207	0.0172654193167
0.99989559064	0.762048040113	0.0172654841519
0.999896632977	0.762047800592	0.0172655483004
0.999897664383	0.762047563478	0.01726561177
0.999898684982	0.762047328746	0.0172656745686
0.999899694898	0.76204709637	0.017265736704
0.999900694253	0.762046866323	0.0172657981837
0.999901683167	0.76204663858	0.0172658590152
0.999902661759	0.762046413116	0.017265919206
0.999903630146	0.762046189907	0.0172659787633
0.999904588443	0.762045968926	0.0172660376944
0.999905536765	0.762045750151	0.0172660960064
0.999906475225	0.762045533557	0.0172661537063
0.999907403933	0.76204531912	0.0172662108012
0.999908323	0.762045106818	0.0172662672978
0.999909232533	0.762044896626	0.0172663232029
0.99991013264	0.762044688523	0.0172663785232
0.999911023426	0.762044482486	0.0172664332653
0.999911904996	0.762044278492	0.0172664874357
0.999912777452	0.76204407652	0.0172665410408
0.999913640897	0.762043876548	0.0172665940871
0.999914495431	0.762043678554	0.0172666465807
0.999915341152	0.762043482517	0.0172666985279
0.99991617816	0.762043288417	0.0172667499347
0.999917006549	0.762043096233	0.0172668008073
0.999917826416	0.762042905945	0.0172668511515
0.999918637856	0.762042717531	0.0172669009732
0.999919440961	0.762042530973	0.0172669502784
0.999920235823	0.762042346251	0.0172669990726
0.999921022532	0.762042163345	0.0172670473617
0.99992180118	0.762041982236	0.0172670951511
0.999922571853	0.762041802905	0.0172671424464
0.999923334641	0.762041625334	0.0172671892531
0.999924089628	0.762041449504	0.0172672355766
0.999924836901	0.762041275396	0.0172672814222
0.999925576543	0.762041102993	0.0172673267951
0.999926308638	0.762040932276	0.0172673717006
0.999927033269	0.762040763229	0.0172674161438
0.999927750516	0.762040595834	0.0172674601298
0.99992846046	0.762040430072	0.0172675036636
0.99992916318	0.762040265929	0.0172675467501
0.999929858755	0.762040103385	0.0172675893942
0.999930547261	0.762039942426	0.0172676316008
0.999931228776	0.762039783034	0.0172676733746
0.999931903375	0.762039625194	0.0172677147204
0.999932571132	0.762039468889	0.0172677556428
0.999933232121	0.762039314103	0.0172677961464
0.999933886416	0.76203916082	0.0172678362357
0.999934534087	0.762039009026	0.0172678759153
0.999935175207	0.762038858705	0.0172679151896
0.999935809846	0.762038709841	0.017267954063
0.999936438073	0.76203856242	0.0172679925398
0.999937059956	0.762038416427	0.0172680306242
0.999937675564	0.762038271847	0.0172680683206
0.999938284964	0.762038128666	0.0172681056332
0.999938888222	0.76203798687	0.017268142566
0.999939485402	0.762037846443	0.0172681791231
0.999940076571	0.762037707374	0.0172682153085
0.999940661792	0.762037569646	0.0172682511264
0.999941241128	0.762037433248	0.0172682865805
0.999941814642	0.762037298165	0.0172683216748
0.999942382395	0.762037164384	0.0172683564132
0.999942944449	0.762037031891	0.0172683907994
0.999943500863	0.762036900675	0.0172684248372
0.999944051698	0.762036770721	0.0172684585304
0.999944597012	0.762036642017	0.0172684918825
0.999945136864	0.762036514551	0.0172685248973
0.99994567131	0.762036388309	0.0172685575783
0.999946200409	0.762036263281	0.0172685899291
0.999946724216	0.762036139452	0.0172686219531
0.999947242787	0.762036016812	0.0172686536539
0.999947756177	0.762035895348	0.0172686850349
0.99994826444	0.762035775049	0.0172687160994
0.99994876763	0.762035655902	0.0172687468508
0.9999492658	0.762035537897	0.0172687772924
0.999949759002	0.762035421021	0.0172688074276
0.999950247289	0.762035305265	0.0172688372594
0.999950730712	0.762035190615	0.0172688667911
0.999951209322	0.762035077062	0.017268896026
0.999951683168	0.762034964594	0.017268924967
0.999952152301	0.762034853201	0.0172689536173
0.999952616769	0.762034742871	0.01726898198
0.99995307662	0.762034633595	0.017269010058
0.999953531904	0.762034525362	0.0172690378544
0.999953982667	0.762034418161	0.0172690653721
0.999954428956	0.762034311982	0.017269092614
0.999954870818	0.762034206816	0.017269119583
0.999955308298	0.762034102651	0.017269146282
0.999955741442	0.762033999478	0.0172691727137
0.999956170294	0.762033897288	0.017269198881
0.999956594899	0.76203379607	0.0172692247867
0.9999570153	0.762033695816	0.0172692504334
0.999957431542	0.762033596515	0.0172692758238
0.999957843666	0.762033498157	0.0172693009607
0.999958251716	0.762033400735	0.0172693258467
0.999958655733	0.762033304238	0.0172693504842
0.999959055758	0.762033208658	0.0172693748761
0.999959451833	0.762033113985	0.0172693990247
0.999959843998	0.762033020211	0.0172694229327
0.999960232294	0.762032927327	0.0172694466024
0.999960616759	0.762032835323	0.0172694700364
0.999960997434	0.762032744192	0.0172694932372
0.999961374356	0.762032653925	0.017269516207
0.999961747565	0.762032564513	0.0172695389484
0.999962117098	0.762032475948	0.0172695614636
0.999962482993	0.762032388222	0.0172695837551
0.999962845287	0.762032301326	0.017269605825
0.999963204017	0.762032215253	0.0172696276758
0.999963559218	0.762032129994	0.0172696493095
0.999963910928	0.762032045542	0.0172696707286
0.999964259181	0.762031961889	0.0172696919352
0.999964604012	0.762031879026	0.0172697129314
0.999964945458	0.762031796946	0.0172697337194
0.999965283551	0.762031715642	0.0172697543014
0.999965618325	0.762031635106	0.0172697746795
0.999965949816	0.762031555331	0.0172697948558
0.999966278055	0.762031476309	0.0172698148323
0.999966603076	0.762031398032	0.0172698346111
0.999966924911	0.762031320495	0.0172698541942
0.999967243593	0.762031243688	0.0172698735836
0.999967559154	0.762031167607	0.0172698927813
0.999967871624	0.762031092242	0.0172699117892
0.999968181036	0.762031017588	0.0172699306093
0.99996848742	0.762030943638	0.0172699492435
0.999968790806	0.762030870384	0.0172699676937
0.999969091226	0.762030797821	0.0172699859617
0.999969388708	0.762030725941	0.0172700040495
0.999969683283	0.762030654738	0.0172700219588
0.999969974979	0.762030584205	0.0172700396915
0.999970263826	0.762030514336	0.0172700572494
0.999970549853	0.762030445125	0.0172700746342
0.999970833086	0.762030376565	0.0172700918477
0.999971113556	0.762030308649	0.0172701088916
0.999971391289	0.762030241372	0.0172701257677
0.999971666313	0.762030174728	0.0172701424777
0.999971938655	0.762030108711	0.0172701590232
0.999972208342	0.762030043313	0.0172701754059
0.999972475401	0.762029978531	0.0172701916274
0.999972739857	0.762029914357	0.0172702076894
0.999973001737	0.762029850786	0.0172702235936
0.999973261067	0.762029787811	0.0172702393414
0.999973517872	0.762029725428	0.0172702549345
0.999973772177	0.762029663631	0.0172702703744
0.999974024008	0.762029602414	0.0172702856627
0.999974273389	0.762029541771	0.0172703008009
0.999974520344	0.762029481698	0.0172703157906
0.999974764898	0.762029422188	0.0172703306331
0.999975007075	0.762029363236	0.0172703453301
0.999975246898	0.762029304837	0.0172703598829
0.999975484391	0.762029246985	0.017270374293
0.999975719576	0.762029189676	0.0172703885619
0.999975952478	0.762029132904	0.0172704026909
0.999976183118	0.762029076664	0.0172704166816
0.999976411519	0.762029020952	0.0172704305351
0.999976637704	0.762028965761	0.0172704442531
0.999976861694	0.762028911087	0.0172704578367
0.999977083511	0.762028856926	0.0172704712874
0.999977303177	0.762028803271	0.0172704846064
0.999977520713	0.762028750119	0.0172704977952
0.99997773614	0.762028697465	0.017270510855
0.999977949479	0.762028645303	0.017270523787
0.99997816075	0.76202859363	0.0172705365927
0.999978369975	0.762028542441	0.0172705492731
0.999978577174	0.76202849173	0.0172705618297
0.999978782366	0.762028441494	0.0172705742636
0.999978985571	0.762028391728	0.0172705865761
0.999979186809	0.762028342427	0.0172705987683
0.9999793861	0.762028293588	0.0172706108415
0.999979583463	0.762028245205	0.0172706227968
0.999979778916	0.762028197275	0.0172706346355
0.999979972479	0.762028149793	0.0172706463586
0.999980164169	0.762028102754	0.0172706579675
0.999980354007	0.762028056156	0.0172706694631
0.99998054201	0.762028009993	0.0172706808466
0.999980728195	0.762027964261	0.0172706921191
0.999980912582	0.762027918957	0.0172707032818
0.999981095187	0.762027874076	0.0172707143357
0.999981276028	0.762027829614	0.0172707252819
0.999981455123	0.762027785568	0.0172707361215
0.999981632489	0.762027741933	0.0172707468555
0.999981808142	0.762027698705	0.017270757485
0.9999819821	0.762027655882	0.0172707680111
0.999982154379	0.762027613458	0.0172707784347
0.999982324996	0.76202757143	0.0172707887568
0.999982493967	0.762027529795	0.0172707989785
0.999982661308	0.762027488548	0.0172708091008
0.999982827035	0.762027447686	0.0172708191247
0.999982991165	0.762027407206	0.0172708290511
0.999983153712	0.762027367103	0.017270838881
0.999983314692	0.762027327375	0.0172708486153
0.999983474121	0.762027288018	0.017270858255
0.999983632013	0.762027249027	0.0172708678011
0.999983788385	0.762027210401	0.0172708772544
0.99998394325	0.762027172135	0.0172708866159
0.999984096624	0.762027134226	0.0172708958865
0.99998424852	0.76202709667	0.0172709050671
0.999984398954	0.762027059465	0.0172709141586
0.99998454794	0.762027022606	0.0172709231618
0.999984695492	0.762026986092	0.0172709320776
0.999984841624	0.762026949918	0.0172709409069
0.99998498635	0.762026914081	0.0172709496506
0.999985129683	0.762026878578	0.0172709583094
0.999985271638	0.762026843407	0.0172709668843
0.999985412227	0.762026808563	0.017270975376
0.999985551464	0.762026774044	0.0172709837854
0.999985689363	0.762026739847	0.0172709921133
0.999985825935	0.762026705969	0.0172710003604
0.999985961195	0.762026672406	0.0172710085277
0.999986095155	0.762026639156	0.0172710166158
0.999986227827	0.762026606216	0.0172710246255
0.999986359225	0.762026573583	0.0172710325577
0.99998648936	0.762026541254	0.017271040413
0.999986618245	0.762026509227	0.0172710481923
0.999986745892	0.762026477497	0.0172710558963
0.999986872314	0.762026446064	0.0172710635257
0.999986997521	0.762026414923	0.0172710710812
0.999987121526	0.762026384072	0.0172710785636
0.999987244341	0.762026353509	0.0172710859736
0.999987365976	0.762026323231	0.017271093312
0.999987486445	0.762026293234	0.0172711005793
0.999987605757	0.762026263517	0.0172711077764
0.999987723925	0.762026234077	0.0172711149038
0.999987840959	0.762026204911	0.0172711219624
0.99998795687	0.762026176016	0.0172711289527
0.999988071669	0.762026147391	0.0172711358754
0.999988185367	0.762026119032	0.0172711427312
0.999988297975	0.762026090938	0.0172711495208
0.999988409503	0.762026063104	0.0172711562447
0.999988519962	0.762026035531	0.0172711629037
0.999988629363	0.762026008214	0.0172711694984
0.999988737714	0.762025981151	0.0172711760293
0.999988845027	0.76202595434	0.0172711824972
0.999988951312	0.762025927779	0.0172711889027
0.999989056578	0.762025901465	0.0172711952463
0.999989160836	0.762025875396	0.0172712015286
0.999989264094	0.76202584957	0.0172712077503
0.999989366364	0.762025823984	0.017271213912
0.999989467654	0.762025798637	0.0172712200142
0.999989567975	0.762025773525	0.0172712260575
0.999989667334	0.762025748647	0.0172712320425
0.999989765742	0.762025724001	0.0172712379697
0.999989863208	0.762025699584	0.0172712438398
0.999989959741	0.762025675395	0.0172712496533
0.99999005535	0.76202565143	0.0172712554107
0.999990150044	0.762025627689	0.0172712611126
0.999990243831	0.762025604169	0.0172712667596
0.999990336721	0.762025580867	0.017271272352
0.999990428723	0.762025557783	0.0172712778906
0.999990519844	0.762025534913	0.0172712833758
0.999990610093	0.762025512256	0.0172712888082
0.999990699479	0.76202548981	0.0172712941882
0.99999078801	0.762025467573	0.0172712995163
0.999990875694	0.762025445543	0.0172713047932
0.99999096254	0.762025423718	0.0172713100192
0.999991048556	0.762025402096	0.0172713151948
0.999991133748	0.762025380676	0.0172713203206
0.999991218127	0.762025359454	0.0172713253971
0.999991301699	0.762025338431	0.0172713304247
0.999991384472	0.762025317602	0.0172713354039
0.999991466453	0.762025296968	0.0172713403351
0.999991547652	0.762025276526	0.0172713452189
0.999991628074	0.762025256274	0.0172713500557
0.999991707728	0.76202523621	0.0172713548459
0.99999178662	0.762025216333	0.01727135959
0.999991864759	0.762025196641	0.0172713642885
0.999991942152	0.762025177133	0.0172713689418
0.999992018805	0.762025157806	0.0172713735503
0.999992094726	0.762025138658	0.0172713781145
0.999992169922	0.762025119689	0.0172713826348
0.999992244399	0.762025100897	0.0172713871116
0.999992318166	0.762025082279	0.0172713915453
0.999992391228	0.762025063835	0.0172713959365
0.999992463592	0.762025045562	0.0172714002854
0.999992535266	0.762025027459	0.0172714045925
0.999992606255	0.762025009525	0.0172714088582
0.999992676567	0.762024991758	0.0172714130829
0.999992746207	0.762024974156	0.017271417267
0.999992815183	0.762024956717	0.0172714214109
0.9999928835	0.762024939441	0.017271425515
0.999992951166	0.762024922326	0.0172714295796
0.999993018185	0.76202490537	0.0172714336052
0.999993084566	0.762024888572	0.0172714375921
0.999993150312	0.762024871931	0.0172714415407
0.999993215432	0.762024855444	0.0172714454514
0.99999327993	0.76202483911	0.0172714493245
0.999993343813	0.762024822929	0.0172714531604
0.999993407087	0.762024806898	0.0172714569595
0.999993469757	0.762024791017	0.0172714607222
0.99999353183	0.762024775283	0.0172714644486
0.99999359331	0.762024759695	0.0172714681394
0.999993654204	0.762024744253	0.0172714717947
0.999993714518	0.762024728954	0.0172714754149
0.999993774256	0.762024713798	0.0172714790003
0.999993833425	0.762024698783	0.0172714825514
0.99999389203	0.762024683908	0.0172714860683
0.999993950076	0.762024669171	0.0172714895515
0.999994007568	0.762024654571	0.0172714930013
0.999994064513	0.762024640107	0.017271496418
0.999994120914	0.762024625778	0.017271499802
0.999994176779	0.762024611582	0.0172715031534
0.99999423211	0.762024597518	0.0172715064727
0.999994286915	0.762024583586	0.0172715097602
0.999994341197	0.762024569782	0.0172715130162
0.999994394962	0.762024556108	0.0172715162409
0.999994448215	0.76202454256	0.0172715194347
0.99999450096	0.762024529139	0.0172715225979
0.999994553203	0.762024515843	0.0172715257307
0.999994604948	0.76202450267	0.0172715288335
0.9999946562	0.76202448962	0.0172715319066
0.999994706963	0.762024476692	0.0172715349502
0.999994757244	0.762024463884	0.0172715379646
0.999994807045	0.762024451195	0.0172715409502
0.999994856372	0.762024438625	0.0172715439071
0.999994905229	0.762024426171	0.0172715468357
0.999994953621	0.762024413833	0.0172715497362
0.999995001552	0.76202440161	0.017271552609
0.999995049027	0.762024389501	0.0172715554542
0.99999509605	0.762024377505	0.0172715582721
0.999995142624	0.762024365621	0.0172715610631
0.999995188756	0.762024353847	0.0172715638273
0.999995234448	0.762024342182	0.0172715665651
0.999995279705	0.762024330627	0.0172715692766
0.999995324532	0.762024319179	0.0172715719621
0.999995368931	0.762024307837	0.017271574622
0.999995412908	0.762024296602	0.0172715772563
0.999995456467	0.76202428547	0.0172715798655
0.999995499611	0.762024274443	0.0172715824496
0.999995542344	0.762024263518	0.017271585009
0.99999558467	0.762024252695	0.0172715875439
0.999995626594	0.762024241973	0.0172715900546
0.999995668119	0.76202423135	0.0172715925412
0.999995709248	0.762024220827	0.017271595004
0.999995749986	0.762024210401	0.0172715974432
0.999995790337	0.762024200073	0.0172715998591
0.999995830303	0.762024189841	0.0172716022519
0.99999586989	0.762024179704	0.0172716046217
0.9999959091	0.762024169662	0.0172716069689
0.999995947936	0.762024159713	0.0172716092936
0.999995986404	0.762024149857	0.0172716115961
0.999996024505	0.762024140092	0.0172716138766
0.999996062244	0.762024130419	0.0172716161352
0.999996099624	0.762024120836	0.0172716183722
0.999996136648	0.762024111342	0.0172716205879
0.99999617332	0.762024101936	0.0172716227823
0.999996209643	0.762024092618	0.0172716249557
0.999996245621	0.762024083387	0.0172716271084
0.999996281257	0.762024074242	0.0172716292404
0.999996316554	0.762024065182	0.0172716313521
0.999996351515	0.762024056207	0.0172716334436
0.999996386144	0.762024047315	0.0172716355151
0.999996420443	0.762024038506	0.0172716375667
0.999996454417	0.762024029779	0.0172716395988
0.999996488067	0.762024021133	0.0172716416114
0.999996521397	0.762024012569	0.0172716436048
0.999996554411	0.762024004083	0.0172716455791
0.999996587111	0.762023995677	0.0172716475346
0.999996619499	0.76202398735	0.0172716494713
0.99999665158	0.7620239791	0.0172716513896
0.999996683356	0.762023970926	0.0172716532895
0.99999671483	0.762023962829	0.0172716551712
0.999996746004	0.762023954808	0.017271657035
0.999996776883	0.762023946861	0.017271658881
0.999996807467	0.762023938988	0.0172716607093
0.999996837761	0.762023931189	0.0172716625201
0.999996867767	0.762023923462	0.0172716643137
0.999996897488	0.762023915808	0.0172716660901
0.999996926927	0.762023908225	0.0172716678495
0.999996956086	0.762023900712	0.0172716695921
0.999996984967	0.76202389327	0.0172716713181
0.999997013574	0.762023885897	0.0172716730275
0.99999704191	0.762023878592	0.0172716747207
0.999997069976	0.762023871356	0.0172716763977
0.999997097775	0.762023864188	0.0172716780586
0.99999712531	0.762023857086	0.0172716797037
0.999997152584	0.76202385005	0.0172716813331
0.999997179598	0.76202384308	0.0172716829469
0.999997206356	0.762023836175	0.0172716845453
0.999997232859	0.762023829334	0.0172716861285
0.999997259111	0.762023822557	0.0172716876965
0.999997285114	0.762023815844	0.0172716892495
0.999997310869	0.762023809193	0.0172716907877
0.999997336379	0.762023802604	0.0172716923113
0.999997361648	0.762023796076	0.0172716938203
0.999997386676	0.76202378961	0.0172716953148
0.999997411467	0.762023783203	0.0172716967951
0.999997436022	0.762023776857	0.0172716982613
0.999997460343	0.76202377057	0.0172716997135
0.999997484434	0.762023764341	0.0172717011518
0.999997508296	0.76202375817	0.0172717025764
0.999997531931	0.762023752057	0.0172717039874
0.999997555342	0.762023746001	0.0172717053849
0.999997578531	0.762023740002	0.0172717067691
0.999997601499	0.762023734059	0.01727170814
0.999997624249	0.76202372817	0.0172717094979
0.999997646783	0.762023722337	0.0172717108429
0.999997669103	0.762023716559	0.0172717121749
0.999997691211	0.762023710834	0.0172717134943
0.99999771311	0.762023705163	0.0172717148011
0.9999977348	0.762023699544	0.0172717160954
0.999997756284	0.762023693979	0.0172717173774
0.999997777564	0.762023688465	0.0172717186471
0.999997798643	0.762023683002	0.0172717199048
0.999997819521	0.762023677591	0.0172717211504
0.999997840201	0.76202367223	0.0172717223841
0.999997860684	0.762023666919	0.0172717236061
0.999997880973	0.762023661657	0.0172717248164
0.999997901069	0.762023656445	0.0172717260152
0.999997920975	0.762023651281	0.0172717272025
0.999997940692	0.762023646166	0.0172717283785
0.999997960221	0.762023641098	0.0172717295433
0.999997979565	0.762023636078	0.017271730697
0.999997998725	0.762023631105	0.0172717318397
0.999998017704	0.762023626177	0.0172717329715
0.999998036502	0.762023621296	0.0172717340924
0.999998055122	0.762023616461	0.0172717352027
0.999998073565	0.762023611671	0.0172717363024
0.999998091833	0.762023606925	0.0172717373917
0.999998109928	0.762023602224	0.0172717384705
0.999998127851	0.762023597567	0.017271739539
0.999998145604	0.762023592953	0.0172717405974
0.999998163188	0.762023588382	0.0172717416457
0.999998180605	0.762023583854	0.0172717426839
0.999998197857	0.762023579368	0.0172717437123
0.999998214946	0.762023574924	0.0172717447309
0.999998231872	0.762023570522	0.0172717457397
0.999998248637	0.762023566161	0.017271746739
0.999998265244	0.76202356184	0.0172717477287
0.999998281692	0.76202355756	0.017271748709
0.999998297985	0.76202355332	0.0172717496799
0.999998314123	0.76202354912	0.0172717506416
0.999998330108	0.762023544958	0.0172717515941
0.999998345941	0.762023540836	0.0172717525375
0.999998361624	0.762023536752	0.017271753472
0.999998377158	0.762023532706	0.0172717543975
0.999998392545	0.762023528699	0.0172717553142
0.999998407786	0.762023524728	0.0172717562222
0.999998422882	0.762023520795	0.0172717571215
0.999998437835	0.762023516898	0.0172717580123
0.999998452646	0.762023513038	0.0172717588946
0.999998467316	0.762023509214	0.0172717597684
0.999998481847	0.762023505425	0.0172717606339
0.999998496241	0.762023501673	0.0172717614912
0.999998510497	0.762023497955	0.0172717623403
0.999998524619	0.762023494272	0.0172717631814
0.999998538607	0.762023490623	0.0172717640144
0.999998552461	0.762023487008	0.0172717648395
0.999998566185	0.762023483427	0.0172717656567
0.999998579778	0.76202347988	0.0172717664661
0.999998593242	0.762023476366	0.0172717672678
0.999998606579	0.762023472885	0.0172717680619
0.999998619789	0.762023469436	0.0172717688484
0.999998632873	0.762023466019	0.0172717696274
0.999998645834	0.762023462635	0.017271770399
0.999998658671	0.762023459282	0.0172717711633
0.999998671387	0.76202345596	0.0172717719203
0.999998683982	0.76202345267	0.01727177267
0.999998696458	0.76202344941	0.0172717734126
0.999998708815	0.762023446181	0.0172717741482
0.999998721055	0.762023442982	0.0172717748767
0.999998733179	0.762023439813	0.0172717755983
0.999998745188	0.762023436673	0.0172717763131
0.999998757083	0.762023433563	0.017271777021
0.999998768865	0.762023430482	0.0172717777222
0.999998780536	0.76202342743	0.0172717784167
0.999998792095	0.762023424406	0.0172717791046
0.999998803546	0.762023421411	0.0172717797859
0.999998814887	0.762023418443	0.0172717804608
0.999998826121	0.762023415504	0.0172717811292
0.999998837248	0.762023412592	0.0172717817912
0.99999884827	0.762023409707	0.017271782447
0.999998859187	0.762023406849	0.0172717830965
0.999998870001	0.762023404018	0.0172717837398
0.999998880712	0.762023401213	0.017271784377
0.999998891322	0.762023398435	0.0172717850082
0.999998901831	0.762023395682	0.0172717856333
0.99999891224	0.762023392956	0.0172717862525
0.999998922551	0.762023390254	0.0172717868658
0.999998932764	0.762023387579	0.0172717874732
0.999998942879	0.762023384928	0.0172717880749
0.999998952899	0.762023382302	0.0172717886708
0.999998962824	0.7620233797	0.017271789261
0.999998972655	0.762023377123	0.0172717898457
0.999998982393	0.76202337457	0.0172717904248
0.999998992038	0.762023372041	0.0172717909983
0.999999001592	0.762023369536	0.0172717915664
0.999999011055	0.762023367054	0.0172717921291
0.999999020429	0.762023364595	0.0172717926865
0.999999029713	0.762023362159	0.0172717932385
0.99999903891	0.762023359746	0.0172717937853
0.999999048019	0.762023357356	0.0172717943269
0.999999057042	0.762023354988	0.0172717948633
0.999999065979	0.762023352642	0.0172717953946
0.999999074832	0.762023350319	0.0172717959209
0.999999083601	0.762023348017	0.0172717964421
0.999999092286	0.762023345736	0.0172717969584
0.999999100889	0.762023343477	0.0172717974698
0.999999109411	0.762023341239	0.0172717979763
0.999999117852	0.762023339022	0.017271798478
0.999999126212	0.762023336826	0.0172717989749
0.999999134494	0.76202333465	0.0172717994671
0.999999142697	0.762023332495	0.0172717999546
0.999999150822	0.76202333036	0.0172718004375
0.99999915887	0.762023328245	0.0172718009157
0.999999166842	0.762023326149	0.0172718013895
0.999999174738	0.762023324073	0.0172718018587
0.99999918256	0.762023322017	0.0172718023234
0.999999190307	0.76202331998	0.0172718027838
0.999999197981	0.762023317962	0.0172718032397
0.999999205581	0.762023315963	0.0172718036913
0.99999921311	0.762023313983	0.0172718041386
0.999999220568	0.762023312021	0.0172718045817
0.999999227955	0.762023310078	0.0172718050205
0.999999235272	0.762023308153	0.0172718054552
0.999999242519	0.762023306246	0.0172718058857
0.999999249698	0.762023304356	0.0172718063122
0.999999256808	0.762023302485	0.0172718067346
0.999999263852	0.762023300631	0.0172718071529
0.999999270828	0.762023298794	0.0172718075673
0.999999277739	0.762023296975	0.0172718079778
0.999999284583	0.762023295173	0.0172718083843
0.999999291363	0.762023293387	0.017271808787
0.999999298079	0.762023291618	0.0172718091858
0.999999304731	0.762023289866	0.0172718095808
0.99999931132	0.76202328813	0.0172718099721
0.999999317846	0.762023286411	0.0172718103597
0.999999324311	0.762023284708	0.0172718107436
0.999999330714	0.76202328302	0.0172718111238
0.999999337057	0.762023281349	0.0172718115004
0.999999343339	0.762023279693	0.0172718118735
0.999999349562	0.762023278052	0.017271812243
0.999999355726	0.762023276427	0.0172718126089
0.999999361832	0.762023274817	0.0172718129714
0.999999367879	0.762023273223	0.0172718133305
0.999999373869	0.762023271643	0.0172718136861
0.999999379803	0.762023270078	0.0172718140383
0.99999938568	0.762023268528	0.0172718143872
0.999999391502	0.762023266992	0.0172718147328
0.999999397268	0.762023265471	0.0172718150751
0.99999940298	0.762023263964	0.0172718154142
0.999999408637	0.762023262471	0.01727181575
0.999999414241	0.762023260992	0.0172718160826
0.999999419792	0.762023259527	0.0172718164121
0.99999942529	0.762023258076	0.0172718167384
0.999999430736	0.762023256638	0.0172718170616
0.999999436131	0.762023255214	0.0172718173818
0.999999441474	0.762023253803	0.0172718176989
0.999999446767	0.762023252405	0.017271818013
0.999999452009	0.762023251021	0.0172718183241
0.999999457202	0.762023249649	0.0172718186322
0.999999462346	0.76202324829	0.0172718189374
0.99999946744	0.762023246944	0.0172718192397
0.999999472487	0.762023245611	0.0172718195392
0.999999477486	0.76202324429	0.0172718198358
0.999999482437	0.762023242982	0.0172718201296
0.999999487341	0.762023241686	0.0172718204205
0.999999492199	0.762023240402	0.0172718207088
0.999999497011	0.76202323913	0.0172718209942
0.999999501777	0.76202323787	0.017271821277
0.999999506498	0.762023236622	0.0172718215571
0.999999511175	0.762023235385	0.0172718218345
0.999999515807	0.76202323416	0.0172718221093
0.999999520395	0.762023232947	0.0172718223814
0.99999952494	0.762023231745	0.017271822651
0.999999529441	0.762023230554	0.017271822918
0.9999995339	0.762023229375	0.0172718231825
0.999999538317	0.762023228206	0.0172718234444
0.999999542691	0.762023227049	0.0172718237039
0.999999547025	0.762023225902	0.0172718239609
0.999999551317	0.762023224766	0.0172718242155
0.999999555568	0.762023223641	0.0172718244676
0.99999955978	0.762023222526	0.0172718247174
0.999999563951	0.762023221422	0.0172718249648
0.999999568083	0.762023220328	0.0172718252098
0.999999572175	0.762023219245	0.0172718254525
0.999999576229	0.762023218171	0.0172718256929
0.999999580245	0.762023217108	0.017271825931
0.999999584222	0.762023216055	0.0172718261668
0.999999588162	0.762023215011	0.0172718264004
0.999999592064	0.762023213978	0.0172718266318
0.999999595929	0.762023212954	0.017271826861
0.999999599758	0.762023211939	0.017271827088
0.99999960355	0.762023210935	0.0172718273128
0.999999607307	0.762023209939	0.0172718275355
0.999999611028	0.762023208953	0.0172718277561
0.999999614714	0.762023207976	0.0172718279746
0.999999618364	0.762023207009	0.017271828191
0.99999962198	0.76202320605	0.0172718284054
0.999999625562	0.762023205101	0.0172718286177
0.99999962911	0.76202320416	0.017271828828
0.999999632624	0.762023203228	0.0172718290363
0.999999636105	0.762023202305	0.0172718292427
0.999999639553	0.762023201391	0.017271829447
0.999999642968	0.762023200485	0.0172718296495
0.999999646351	0.762023199588	0.01727182985
0.999999649702	0.762023198699	0.0172718300486
0.999999653021	0.762023197819	0.0172718302453
0.999999656309	0.762023196946	0.0172718304401
0.999999659566	0.762023196082	0.0172718306331
0.999999662791	0.762023195226	0.0172718308243
0.999999665986	0.762023194379	0.0172718310136
0.999999669151	0.762023193539	0.0172718312011
0.999999672286	0.762023192707	0.0172718313869
0.999999675391	0.762023191882	0.0172718315709
0.999999678467	0.762023191066	0.0172718317532
0.999999681513	0.762023190257	0.0172718319337
0.999999684531	0.762023189456	0.0172718321125
0.99999968752	0.762023188662	0.0172718322896
0.999999690481	0.762023187876	0.017271832465
0.999999693413	0.762023187097	0.0172718326388
0.999999696318	0.762023186326	0.0172718328109
0.999999699195	0.762023185562	0.0172718329813
0.999999702045	0.762023184804	0.0172718331502
0.999999704869	0.762023184054	0.0172718333174
0.999999707665	0.762023183312	0.0172718334831
0.999999710435	0.762023182576	0.0172718336472
0.999999713178	0.762023181847	0.0172718338097
0.999999715896	0.762023181124	0.0172718339707
0.999999718588	0.762023180409	0.0172718341301
0.999999721254	0.7620231797	0.0172718342881
0.999999723895	0.762023178998	0.0172718344445
0.999999726511	0.762023178303	0.0172718345994
0.999999729102	0.762023177614	0.0172718347529
0.999999731669	0.762023176932	0.0172718349049
0.999999734211	0.762023176256	0.0172718350555
0.99999973673	0.762023175586	0.0172718352047
0.999999739224	0.762023174923	0.0172718353524
0.999999741695	0.762023174266	0.0172718354987
0.999999744142	0.762023173615	0.0172718356437
0.999999746566	0.76202317297	0.0172718357872
0.999999748967	0.762023172331	0.0172718359294
0.999999751346	0.762023171698	0.0172718360703
0.999999753702	0.762023171072	0.0172718362098
0.999999756035	0.762023170451	0.017271836348
0.999999758347	0.762023169836	0.0172718364848
0.999999760636	0.762023169226	0.0172718366204
0.999999762904	0.762023168623	0.0172718367547
0.999999765151	0.762023168025	0.0172718368877
0.999999767376	0.762023167433	0.0172718370194
0.99999976958	0.762023166846	0.0172718371499
0.999999771763	0.762023166265	0.0172718372792
0.999999773925	0.762023165689	0.0172718374072
0.999999776067	0.762023165119	0.017271837534
0.999999778189	0.762023164554	0.0172718376596
0.99999978029	0.762023163994	0.017271837784
0.999999782372	0.76202316344	0.0172718379073
0.999999784434	0.762023162891	0.0172718380293
0.999999786476	0.762023162347	0.0172718381502
0.999999788499	0.762023161808	0.01727183827
0.999999790503	0.762023161274	0.0172718383886
0.999999792488	0.762023160745	0.0172718385061
0.999999794454	0.762023160222	0.0172718386225
0.999999796402	0.762023159703	0.0172718387378
0.99999979833	0.762023159189	0.0172718388519
0.999999800241	0.76202315868	0.017271838965