0.46410595852	0.424282360848	0.295971342696
0.446018161815	0.530597543723	0.577313443987
0.441080938395	0.71938439086	0.993220533222
0.440929077859	0.914955998824	1.53677609293
0.440927438239	0.993388005122	1.85882018161
0.440927243889	0.999959200095	1.93747987788
0.440927211249	0.999999998346	1.96781543435
0.440927205376	1.0	1.98364456431
0.440927204309	1.0	1.99175486281
0.440927204114	1.0	1.99586036675
0.440927204079	1.0	1.99792589058
0.440927204072	1.0	1.99896186873
0.440927204071	1.0	1.9994806648
0.440927204071	1.0	1.99974026496
0.440927204071	1.0	1.99987011561
0.440927204071	1.0	1.99993505359
0.440927204071	1.0	1.99996752574
0.440927204071	1.0	1.99998376261
0.440927204071	1.0	1.99999188124
0.440927204071	1.0	1.9999959406
0.440927204071	1.0	1.9999979703
0.440927204071	1.0	1.99999898515
0.440927204071	1.0	1.99999949257
0.440927204071	1.0	1.99999974629
0.440927204071	1.0	1.99999987314
0.440927204071	1.0	1.99999993657
0.440927204071	1.0	1.99999996829
0.440927204071	1.0	1.99999998414