0.684049774686	0.351348006067	0.258430794726
0.758679016367	0.310820924805	0.452577983751
0.855082463924	0.274060264133	0.709353996715
0.95842116682	0.252898279269	1.30844867905
0.997727075167	0.250026282271	1.82715479457
0.999994491982	0.249996789465	1.93634553422
0.999999999969	0.249996773815	1.96738129436
1.0	0.249996772922	1.98342030674
1.0	0.249996772856	1.99164086022
1.0	0.249996772851	1.9958028882
1.0	0.249996772851	1.99789703092
1.0	0.249996772851	1.99894740868
1.0	0.249996772851	1.99947342721
1.0	0.249996772851	1.99973664426
1.0	0.249996772851	1.99986830479
1.0	0.249996772851	1.99993414806
1.0	0.249996772851	1.99996707295
1.0	0.249996772851	1.9999835362
1.0	0.249996772851	1.99999176803
1.0	0.249996772851	1.999995884
1.0	0.249996772851	1.999997942
1.0	0.249996772851	1.999998971
1.0	0.249996772851	1.9999994855
1.0	0.249996772851	1.99999974275
1.0	0.249996772851	1.99999987137
1.0	0.249996772851	1.99999993569
1.0	0.249996772851	1.99999996784
1.0	0.249996772851	1.99999998392