0.473127709695	0.450571467833	0.350236618293
0.605356831564	0.428267767876	0.729164850555
0.798595561868	0.423777500614	1.26557471201
0.958058733711	0.423694254295	1.77741981355
0.998411601109	0.423694212649	1.95246824798
0.999997570927	0.423694211468	1.97882977839
0.999999999994	0.423694211413	1.98930655463
1.0	0.423694211411	1.99462453632
1.0	0.423694211411	1.9973050248
1.0	0.423694211411	1.99865069423
1.0	0.423694211411	1.99932489165
1.0	0.423694211411	1.99966233184
1.0	0.423694211411	1.99983113741
1.0	0.423694211411	1.99991556158
1.0	0.423694211411	1.99995777901
1.0	0.423694211411	1.99997888906
1.0	0.423694211411	1.99998944442
1.0	0.423694211411	1.99999472218
1.0	0.423694211411	1.99999736108
1.0	0.423694211411	1.99999868054
1.0	0.423694211411	1.99999934027
1.0	0.423694211411	1.99999967013
1.0	0.423694211411	1.99999983507
1.0	0.423694211411	1.99999991753
1.0	0.423694211411	1.99999995877
1.0	0.423694211411	1.99999997938
1.0	0.423694211411	1.99999998969