0.482669337905	0.829716986515	0.0307914890556
0.468755563122	0.836144644908	0.029239601672
0.458401671377	0.843342835322	0.0278637966447
0.449557569353	0.852857351497	0.0264118410902
0.441762064297	0.865483267102	0.0248518893911
0.435545468551	0.880710871854	0.0233924586992
0.431645679713	0.896478960815	0.0223564220871
0.430230801459	0.910213954639	0.0218648673441
0.430865648738	0.92044730326	0.0217682554057
0.432966266114	0.927184317871	0.0218692802982
0.436035004475	0.931174514783	0.0220508894276
0.439656841754	0.933246846498	0.0222648557515
0.443464838804	0.934046590802	0.0224952138519
0.447153785698	0.934006832037	0.0227371336942
0.45051442046	0.933398556143	0.0229878498241
0.453444768743	0.932388964195	0.0232430747406
0.455931626598	0.931085579712	0.023496270059
0.458019884005	0.929564412464	0.0237396610848
0.459784311961	0.92788599873	0.0239659114959
0.461308604214	0.926102809378	0.0241695054151
0.462671665906	0.924261044938	0.0243473648564
0.463940016476	0.922399796855	0.0244987358201
0.465164919028	0.920549906469	0.0246246443201
0.466382718058	0.918733678148	0.0247272365951
0.467616957038	0.916965595437	0.0248092028925
0.468881163515	0.915253689406	0.0248733615484
0.470181590663	0.913601126972	0.0249224015955
0.471519556392	0.912007703842	0.0249587487545
0.472893265023	0.910471080121	0.024984514383
0.474299134368	0.908987714043	0.0250014939487
0.475732711268	0.907553517157	0.0250111914618
0.477189272552	0.906164283043	0.0250148549363