0.583269045344	0.490735734897	0.0286383375268
0.579913752617	0.506032466814	0.0286831673019
0.5780203941	0.521200967156	0.0287111712542
0.576912635464	0.539749042257	0.0287076778404
0.577198495201	0.564962782868	0.028635464596
0.581293454358	0.600423520782	0.0283853853616
0.593713828327	0.649040092012	0.0277620279606
0.619247552414	0.708977224989	0.0265741919837
0.657990319754	0.768248554327	0.0249053568297
0.702454036055	0.809709436603	0.0232463164747
0.743450348286	0.82866462821	0.0218482005611
0.777579211505	0.833397599506	0.020571295275
0.805673863198	0.831306265648	0.0194224315777
0.829117691639	0.825358846992	0.0184979188447
0.848952102863	0.817396524367	0.0178002674907
0.865672993685	0.809219952559	0.0172702474381
0.879392649608	0.80195596403	0.016859647869
0.890266373592	0.795948084714	0.0165446095164
0.898658358805	0.791119355695	0.0163117587407
0.905043617446	0.78727962701	0.0161491001843