0.368602574555	0.524704189218	0.434140569607
0.344448298261	0.651976010024	0.814230933475
0.336798784341	0.835311250042	1.38134477579
0.336419359782	0.971675949944	1.88124962149
0.336404972755	0.999270488791	1.99104357419
0.336402338276	0.999999481932	1.99696941439
0.3364018617	1.0	1.99848756623
0.336401775531	1.0	1.99924395325
0.336401759947	1.0	1.99962196774
0.336401757128	1.0	1.99981097237
0.336401756618	1.0	1.99990548163
0.336401756526	1.0	1.99995273937
0.336401756509	1.0	1.99997636927
0.336401756506	1.0	1.99998818452
0.336401756506	1.0	1.99999409223
0.336401756505	1.0	1.99999704611
0.336401756505	1.0	1.99999852305
0.336401756505	1.0	1.99999926153
0.336401756505	1.0	1.99999963076
0.336401756505	1.0	1.99999981538
0.336401756505	1.0	1.99999990769
0.336401756505	1.0	1.99999995385
0.336401756505	1.0	1.99999997692
0.336401756505	1.0	1.99999998846